acc: 0.9151061173533084
f1: 0.7622377622377623
precision: 0.7032258064516129
recall: 0.8320610687022901
